#Modelo - begin
#k1=1;
#k2=2;
#k3=0.0042;
#k4=10;
#k5=1;
#t1=1;
#t2=10;
#t3=40;
#v1=10;
#RNAP=2;
#Pro=1;
#P=0;
#RBS=0;
#R=0;
#i_start=1;
#i_end=4;
#j_start=0;
#j_end=3;
#transcription,k1:RNAP1+Pro0->RNAP1(t2)+Pro0(t1)+P(t2);
#transcription,k1:RNAP1+Pro1->RNAP1(t2)+Pro1(t1)+P(t2);
#transcription,k1:RNAP1+Pro2->RNAP1(t2)+Pro2(t1)+P(t2);
#transcription,k1:RNAP1+Pro3->RNAP1(t2)+Pro3(t1)+P(t2);
#transcription,k1:RNAP2+Pro0->RNAP2(t2)+Pro0(t1)+P(t2);
#transcription,k1:RNAP2+Pro1->RNAP2(t2)+Pro1(t1)+P(t2);
#transcription,k1:RNAP2+Pro2->RNAP2(t2)+Pro2(t1)+P(t2);
#transcription,k1:RNAP2+Pro3->RNAP2(t2)+Pro3(t1)+P(t2);
#transcription,k1:RNAP3+Pro0->RNAP3(t2)+Pro0(t1)+P(t2);
#transcription,k1:RNAP3+Pro1->RNAP3(t2)+Pro1(t1)+P(t2);
#transcription,k1:RNAP3+Pro2->RNAP3(t2)+Pro2(t1)+P(t2);
#transcription,k1:RNAP3+Pro3->RNAP3(t2)+Pro3(t1)+P(t2);
#transcription,k1:RNAP4+Pro0->RNAP4(t2)+Pro0(t1)+P(t2);
#transcription,k1:RNAP4+Pro1->RNAP4(t2)+Pro1(t1)+P(t2);
#transcription,k1:RNAP4+Pro2->RNAP4(t2)+Pro2(t1)+P(t2);
#transcription,k1:RNAP4+Pro3->RNAP4(t2)+Pro3(t1)+P(t2);
#translation,k2:Pro0+2RBS->Pro0+2RBS(t2)+3R(t3,v1);
#translation,k2:Pro1+2RBS->Pro1+2RBS(t2)+3R(t3,v1);
#translation,k2:Pro2+2RBS->Pro2+2RBS(t2)+3R(t3,v1);
#translation,k2:Pro3+2RBS->Pro3+2RBS(t2)+3R(t3,v1);
#Modelo - end
#Reactions number.
_reac_num:20
#Species number.
_spec_num:11
#Species names.
_spec_nam:
_begin
P;Pro0;Pro1;Pro2;Pro3;R;RBS;RNAP1;RNAP2;RNAP3;RNAP4
_end
#Species quantity.
_spec_qty:
_begin
0;0;0;0;0;0;0;0;0;0;0
_end
#Reagents. Lines = reactions. Columns = species
_reagents:
_begin
0;1;1;2684456;6553600;6553600;0;2047;-986157816;6611448;32
24;1;0;0;1;6611456;378;198608;32;0;6576328
5;1;196608;196608;6604264;1;6604296;1073741823;198916;197064;30
0;1;6605544;7532;6555008;6557496;1;6555008;6555008;32;24
6553600;0;1;4407600;0;2684872;198608;1;0;6576328;24
13;6553600;196608;6604264;1;6604296;1073741823;1;24;0;6576408
3;6605480;196608;196608;6606320;1;6606352;1;198812;197060;9
0;198808;4407600;2684824;2006781865;13;1;1;13;13;4418794
6607256;2;1;14;0;24;198916;197064;1;0;2685032
6605800;7532;6555008;2685240;1;4851520;4848160;6557496;1;6555008;6555008
24;13;6553600;6555008;6557496;1;6555008;6555008;1;24;0
6576408;5;4274693;196608;196608;6606320;1;6606352;1;198812;197060
9;0;1;4875328;2685048;2006781865;13;0;4199040;1;13
4300929;6607328;2;3;1;0;24;2684988;2685180;1;2685084
2685240;4199040;7532;6555008;2685240;1;7532;6555008;6557496;1;6555008
6555008;0;4418794;0;0;6557496;1;0;2685304;1;2685812
0;0;1;4632299;13;4199040;2685240;2685304;2686032;4199040;2
4355626;0;2685304;2686704;1;2685180;0;2686704;4757398;2685176;2
2685231;4407496;2685564;2685668;2685304;1;2686032;4199040;2686056;4621474;2
2686656;2685240;4454135;4650181;2685136;0;1;1507329;896;0;2
_end
#Products. Lines = reactions. Columns = species
_products:
_begin
525;1;1;1;4199040;6563630;2684088;4355626;0;2684120;1
127;1;2684064;1;1;2683560;0;16778588;0;0;65
2684120;1;6606320;1;33554434;1;2063597946;4810784;2684064;6611992;6553792
2047;1;311;1;378;892;1;-974724291;536;1024;6553600
-1303181419;-958;1;1;250;6599336;16777216;1;-974724339;128;16777432
0;0;378;1;1;6611992;2;1;6611992;311;1408
-2;6583896;0;1;0;1;23;1;183;6567608;4895717
6563630;2686924;2007135392;1;-2;2683944;1;1;536;6554528;2683844
0;525;1;1;6611992;3;6554208;224;1;536;13
0;0;13;1;1;6607184;2;3;1;0;24
0;0;1;1;0;1;2684236;6558464;1;6576392;100
0;0;6607136;1;2006787126;2684232;1;7532;1;6557496;4418794
6555008;6555008;1;1;0;0;6557496;4407600;0;1;0
4407496;0;0;1;1;30;0;198608;2684268;1;4199040
2684360;4199040;7532;1;6557496;1;6555008;6555008;2684208;1;0
0;6557496;4407600;1;6602632;6602856;1;1;0;1;2684288
0;2006791862;1;15;6553600;4199040;0;2684320;0;2006791862;2
3;0;6576288;6600976;1;196608;196608;6600944;27;6600972;2
3;197060;32;2006787126;-974724859;1;6553600;6611456;15;0;2
3;2063597946;6602856;2685200;6582008;52;1;956301369;896;0;2
_end
#Reaction constants for each reaction.
_rt_const:
_begin
1;1;1;1;1;1;1;1;1;1;1;1;1;1;1;1;2;2;2;2
_end
#Delays for each product. Lines = reactions. Columns = species.
_p_delays:
_begin
0;10;1;10;0;0;0;0;0;0;0
0;10;0;10;1;0;0;0;0;0;0
0;10;0;10;0;1;0;0;0;0;0
0;10;0;10;0;0;1;0;0;0;0
0;0;1;10;0;0;0;10;0;0;0
0;0;0;10;1;0;0;10;0;0;1.50027e+268
2.90453e-311;1.69106e-306;nan;10;0;1;0;10;6.93363e-308;6.93394e-308;6.93368e-308
2.75859e-313;-1.38444e+034;6.93404e-308;10;5.0928e-313;9.05001e-307;1;10;3.81992e-313;2.22507e-308;4.1816e-309
9.88131e-323;1.16498e-311;1;10;2.7588e-313;1.16498e-311;4.24724e-314;1.4822e-323;10;6.93448e-308;9.91486e-315
8.9003e-307;9.12058e-307;8.9016e-307;10;1;1.50027e+268;1.13903e-311;8.9003e-307;10;3.23791e-317;1.7881e-307
1.7881e-307;1.88554e-307;6.42285e-323;10;8.90986e-307;1;8.90986e-307;2.16115e-307;10;2.14215e-307;0
2.14197e-307;0;6.9409e-308;10;6.93791e-308;1.7881e-307;1;6.93791e-308;10;6.93767e-308;1.83976e-307
1.32547e-317;1.15289e-316;1;10;4.24724e-314;9.09977e-307;2.82659e-307;1.83884e-307;1.32546e-317;10;8.9016e-307
8.90442e-307;1.7881e-307;6.93638e-308;10;1;1.13739e-311;6.93613e-308;1.11405e-311;5.0928e-313;10;1.7881e-307
8.90986e-307;2.16115e-307;8.90986e-307;10;0;1;6.93791e-308;2.14197e-307;0;10;4.24724e-314
6.93791e-308;1.7881e-307;2.05392e-307;10;9.0499e-307;4.94066e-322;1;9.09589e-307;2.16115e-307;10;2.75859e-313
9.09589e-307;2.12332e-314;0;5.0928e-313;9.05408e-307;2.17275e-307;4.17201e-309;4.03212e-313;8.70051e-313;4.1816e-309;10
40;1.4993e+268;6.42285e-323;2.7588e-313;0;4.24725e-314;6.93971e-308;5.09279e-313;6.94123e-308;1.7881e-307;10
40;2.69493e-312;1.7881e-307;1.83348e-307;1.50027e+268;0;8.9003e-307;1.39901e+267;3.23791e-317;1.7881e-307;10
40;6.42285e-323;1.7881e-307;8.90986e-307;2.16115e-307;8.90986e-307;0;0;2.14215e-307;3.76866e-311;10
_end
#Delays variations for each product. Lines = reactions. Columns = species.
_p_delays:
_begin
0;0;0;0;0;0;0;0;0;0;0
0;0;0;0;0;0;0;0;0;0;0
0;0;0;0;5.4599e-311;0;3.30593e+185;6.22652e+228;8.3219e-315;0;0
0;0;0;0;0;0;0;0;0;0;0
0;0;0;0;0;0;0;0;0;0;0
0;0;0;0;0;0;0;0;0;0;0
0;0;0;0;0;0;0;0;0;0;5.4599e-311
2.34897e+251;3.44621e-085;3.68421e+180;0;0;0;0;0;0;0;0
0;0;0;0;0;0;0;0;0;0;0
0;0;0;0;0;0;0;0;0;0;0
0;0;0;0;0;0;0;0;0;0;0
0;0;0;0;0;0;0;0;0;0;0
0;0;0;0;0;0;0;0;0;0;0
0;0;0;0;0;0;0;0;0;0;0
0;0;0;0;2.28258e-321;0;6.92968e-308;6.92968e-308;1.48408e+268;0;6.92911e-308
1.09697e+257;9.71958e-315;0;0;1.35809e-312;0;0;1.0236e-306;1.60221e-306;0;1.33512e-306
2.22519e-306;1.29061e-306;0;1.78021e-306;1.78021e-306;4.22801e-307;2.11398e-307;1.60221e-306;3.33777e-307;4.22795e-307;0
10;1.11262e-306;2.44033e-312;0;0;0;0;0;0;0;0
10;0;0;0;0;0;0;0;0;0;0
10;0;0;0;0;0;0;0;0;3.76866e-311;0
_end
